77366784    52551600
941115575115440128    52551600
941115981778292737    52551600
360473457    22452361
2362452912    22452361
70524540    22452361
97502624    48785884
141719487    48785884
726245165900386304    48785884
423978755    77366784
2865693345    77366784
844224970918117381    77366784
1382065531    360473457
910236202984443904    360473457
20322381    360473457
832276069    2362452912
2255052410    2362452912
497425442    2362452912
4813822574    70524540
424601719    70524540
32789366    70524540
854764439932981248    97502624
342512565    97502624
4794182534    97502624
247445681    141719487
1061087659    141719487
19313807    141719487
940716590609334272    726245165900386304
77366784    423978755
1000309842    423978755
1710476310    423978755
3627509358    2865693345
77366784    2865693345
2875043388    2865693345
29459695    844224970918117381
482334246    844224970918117381
414221776    844224970918117381
941149420237750272    52551600
941151429523210241    52551600
941151342827130880    52551600
707838098760052736    52551600
262374983    52551600
284516025    22452361
24114018    22452361
1326284040    22452361
360473457    22452361
2362452912    22452361
796552089413517312    48785884
776142558263123968    48785884
774055292971708417    48785884
2808621974    48785884
1367019704    48785884
2922385454    47285504
916418324971556865    47285504
827541112776749057    47285504
935351814580404224    47285504
1024202382    47285504
43435755    876219102
7811762    876219102
2347655130    876219102
847193842541645828    876219102
82416627    876219102
826136717040218112    941149420237750272
270508945    707838098760052736
726034314626883584    262374983
22686121    262374983
901574049087840256    262374983
131039198    262374983
1613631829    262374983
2418399300    284516025
2696138214    284516025
919021870497845248    284516025
158080802    284516025
740923487859048449    284516025
37599351    24114018
94501244    24114018
799650517299367936    24114018
14763734    24114018
755766263394148352    24114018
1382065531    360473457
910236202984443904    360473457
20322381    360473457
939238383234060288    360473457
1554629419    360473457
832276069    2362452912
2255052410    2362452912
497425442    2362452912
2543777956    2362452912
2285794664    2362452912
941153714777272320    796552089413517312
1685050800    796552089413517312
940273839564406784    796552089413517312
826132376698941440    796552089413517312
941149397664100352    796552089413517312
3369366981    776142558263123968
755619949897539586    774055292971708417
849111569925406720    774055292971708417
934444986568990720    774055292971708417
2780270811    774055292971708417
1028564678    774055292971708417
283161604    2808621974
89486578    2808621974
61783691    2808621974
66749571    2808621974
832450190279733248    2808621974
917972776815878145    1367019704
2489533916    1367019704
68879790    1367019704
2986476426    1367019704
710836192791494657    1367019704
860249422403428352    2922385454
824058204330004481    2922385454
928952113954111488    2922385454
3140974587    2922385454
704750280760565760    2922385454
379498333    916418324971556865
18500852    916418324971556865
937296586962587648    916418324971556865
744150240136044544    916418324971556865
1077872654    916418324971556865
936805750487310336    1024202382
936798920419790848    1024202382
1948802528    1024202382
791065918726037508    1024202382
4430903653    1024202382
1296611390    43435755
564000560    43435755
33345091    43435755
18000026    43435755
3274767961    43435755
1423896242    7811762
751756755496005632    7811762
256159792    7811762
194257612    7811762
548745340    7811762
52798554    847193842541645828
1561065392    847193842541645828
708991850    847193842541645828
17155574    847193842541645828
2787775708    847193842541645828
284241195    82416627
936359893031940096    82416627
193201461    82416627
242179651    82416627
923982955214602240    82416627
941149420237750272    826136717040218112
941150186750881794    826136717040218112
85124669    826136717040218112
2190607171    826136717040218112
829818779324514305    826136717040218112
917859294862827520    270508945
904878960504221696    270508945
3806654292    270508945
910534232988102656    270508945
888502494183145473    270508945
222958676    726034314626883584
911664401916284928    726034314626883584
842476765784113152    726034314626883584
2162610096    726034314626883584
916117791324778496    726034314626883584
940752326993747968    22686121
3354183813    22686121
850676121242816512    22686121
3370594906    22686121
3371645301    22686121
121586030    901574049087840256
851098800802476032    901574049087840256
924835511490904064    901574049087840256
840866920236752897    901574049087840256
913291524200218624    901574049087840256
940957907163676672    131039198
172962074    131039198
48648452    131039198
128219529    131039198
4167334895    131039198
930543413627322370    1613631829
929385930594467840    1613631829
571757052    1613631829
383580323    1613631829
29649145    1613631829
301730882    2418399300
204444000    2418399300
941091548057366529    2418399300
941130695941947392    2418399300
728931909921865728    2418399300
934455571998179331    2696138214
743856512    2696138214
21242306    2696138214
117647808    2696138214
384443936    2696138214
604261155    919021870497845248
905702961182949376    919021870497845248
1259334432    919021870497845248
4280688013    919021870497845248
79391763    919021870497845248
4279064596    158080802
4165624408    158080802
726316416    158080802
818214787595325445    158080802
937089225173950466    158080802
941009418078113792    740923487859048449
44749409    740923487859048449
726916532    740923487859048449
543682629    740923487859048449
940860371946164227    740923487859048449
881868480424812545    37599351
895675400507973633    37599351
899192557    37599351
854632530221387776    37599351
864215776185724928    37599351
762709795707101184    94501244
272296599    94501244
357997845    94501244
844283410747154434    94501244
24114018    94501244
886952056459853824    799650517299367936
858399678433546244    799650517299367936
2475139904    799650517299367936
921278270913548289    799650517299367936
2536701517    799650517299367936
941161957893296129    14763734
941162340195565569    14763734
941161827311878145    14763734
133998127    14763734
941161228507824129    14763734
397827184    755766263394148352
755415105228017664    755766263394148352
3642009198    1382065531
136102085    1382065531
2984781465    1382065531
700396329919451136    1382065531
57700707    1382065531
758571066985893888    910236202984443904
894917055442554880    910236202984443904
875910783972110336    910236202984443904
710030003115679745    910236202984443904
744277928125530112    910236202984443904
3328362383    20322381
915818727098191872    20322381
16970124    20322381
922291831244648448    20322381
599444146    20322381
114658821    939238383234060288
918809951211941888    939238383234060288
368986172    939238383234060288
300235158    939238383234060288
856455025060696064    939238383234060288
846764838462390272    1554629419
2400268952    1554629419
924558391820746752    1554629419
741032291007406081    1554629419
4822069151    1554629419
213002229    832276069
2343297244    832276069
883385197814628353    832276069
878526545245196288    832276069
1515214561    832276069
2273882442    2255052410
348407981    2255052410
839211783063801859    2255052410
839932535169814529    2255052410
2746431870    2255052410
1644699692    497425442
291590597    497425442
318749096    497425442
721182979024896000    497425442
4590993146    497425442
936821056593186816    2543777956
852535391315951616    2543777956
3303492761    2543777956
2327337469    2543777956
3083066787    2543777956
889116125279244288    2285794664
68644083    2285794664
2324574642    2285794664
53695162    2285794664
40449791    2285794664
841787793424715778    941153714777272320
3227433148    941153714777272320
2485432224    1685050800
772054349606379520    1685050800
869287621    1685050800
482389177    1685050800
4714963694    1685050800
2271543909    940273839564406784
18438022    940273839564406784
1527826106    940273839564406784
2927513940    940273839564406784
32356800    940273839564406784
818926337138290689    826132376698941440
839215399249952768    826132376698941440
830432532516663301    826132376698941440
836784542010785792    826132376698941440
834243676746477570    826132376698941440
941148569767161858    941149397664100352
917196629723185152    3369366981
937731608219717632    3369366981
891627917075247106    3369366981
906999353604276224    3369366981
932256116016386048    3369366981
2398736432    755619949897539586
941144096260968448    755619949897539586
941049004401577984    755619949897539586
821624345457987588    755619949897539586
843647061815939072    755619949897539586
869647792657936384    849111569925406720
909420799051919360    849111569925406720
865718881763119104    849111569925406720
478123361    849111569925406720
868041445772476416    849111569925406720
3058433106    934444986568990720
918944630162493440    934444986568990720
980320711    934444986568990720
757578312151601153    934444986568990720
702442438    934444986568990720
801432909332684800    2780270811
560431185    2780270811
940417335516479488    2780270811
941109839698300929    2780270811
941108599283179521    2780270811
941158017072009221    1028564678
941146139511873536    1028564678
33669105    1028564678
939335828547014656    1028564678
777539346064936961    1028564678
941153185321947136    283161604
940066004415135744    283161604
226734890    283161604
940032137524158464    283161604
1408276987    283161604
940434209692442624    89486578
311807952    89486578
938587857962315776    89486578
109031296    89486578
912058683823190017    89486578
4337726353    61783691
862847757454888960    61783691
1571728729    61783691
3282031490    61783691
938922441413406720    61783691
941118941996384257    66749571
322734978    66749571
940696135471116289    66749571
2411663664    66749571
242386104    66749571
733377602572947456    832450190279733248
873792771596865536    832450190279733248
3037118059    832450190279733248
90769508    832450190279733248
758016998345412609    832450190279733248
920837330243526656    917972776815878145
706638752760729600    917972776815878145
929507698621554688    917972776815878145
920927541099094016    917972776815878145
2922437460    917972776815878145
802757146441961472    2489533916
94540506    2489533916
3032116903    2489533916
135462713    2489533916
939041537173762049    2489533916
942974456    68879790
848160691571703809    68879790
929691878705868800    68879790
244926549    68879790
926786688654893063    68879790
861547081051160580    2986476426
935689482455543809    2986476426
105727548    2986476426
377320459    2986476426
936095327534268417    2986476426
890174308399448064    710836192791494657
865538495263014914    710836192791494657
822618876550807552    710836192791494657
935300575113240582    710836192791494657
895401244826767360    710836192791494657
33958793    860249422403428352
23947533    860249422403428352
1028643932    860249422403428352
861435125204221952    860249422403428352
928769566284570625    860249422403428352
910401056122818560    824058204330004481
75742264    824058204330004481
1966921812    824058204330004481
231547812    824058204330004481
829369864368201728    824058204330004481
819022048148107264    928952113954111488
3220949784    928952113954111488
50228025    928952113954111488
932150372470202369    928952113954111488
937724238315667458    928952113954111488
1249509426    3140974587
740956292911669248    3140974587
929995279583064064    3140974587
870202804417122305    3140974587
189559698    3140974587
3370474107    704750280760565760
4483397542    704750280760565760
2443412760    704750280760565760
2919362404    704750280760565760
3102729364    704750280760565760
112822041    379498333
1965254053    379498333
1926096913    379498333
3100251278    379498333
461363118    379498333
144429369    18500852
938896885301022721    18500852
938383519801208832    18500852
796435297    18500852
895074091203297280    18500852
929722790940327936    937296586962587648
143912090    937296586962587648
937296516737146880    937296586962587648
932300716617621504    937296586962587648
3238324316    937296586962587648
394820271    744150240136044544
717874756448612353    744150240136044544
287231698    744150240136044544
338407443    744150240136044544
29185326    744150240136044544
941165639279951873    1077872654
927904995521056768    1077872654
941137798114852864    1077872654
4294206733    1077872654
159190233    1077872654
795291333296529408    936805750487310336
1107339800    936798920419790848
246975466    1948802528
907262447387643907    1948802528
39967149    1948802528
940341963156611072    1948802528
930309877259554816    1948802528
754637948054798340    791065918726037508
899743982686699520    791065918726037508
4331857876    791065918726037508
914384150609764354    791065918726037508
940766394320240640    791065918726037508
933558151575506944    4430903653
754637948054798340    4430903653
940960009264930816    4430903653
2196590924    4430903653
940751624070422530    4430903653
265761494    1296611390
774044338414387200    1296611390
129493385    1296611390
40626279    1296611390
807909100012982273    1296611390
21028396    564000560
761241816049954817    564000560
343979072    564000560
786947552709005316    564000560
54157495    564000560
543840793    33345091
940778658054094848    33345091
744888272506195968    33345091
2965186678    33345091
2984610092    33345091
4407007168    18000026
2659696782    18000026
2376327001    18000026
912078816960499715    18000026
430103578    18000026
728969585848766464    3274767961
878248885776470016    3274767961
2939942884    3274767961
2313099380    3274767961
20811534    3274767961
933088406992760832    1423896242
353124043    1423896242
745713652012036096    1423896242
1537424935    1423896242
819415104559017984    1423896242
2361811352    751756755496005632
907457615285846016    751756755496005632
903725530045972481    751756755496005632
829452493847343106    751756755496005632
1184055816    751756755496005632
928374092935315456    256159792
193943740    256159792
854710947776143365    256159792
2522421807    256159792
4794051023    256159792
1696445076    194257612
1421544140    194257612
4121909752    194257612
842341822299033601    194257612
123397616    194257612
872161536156069893    548745340
146680372    548745340
3048340073    548745340
2592111260    548745340
3864331572    548745340
940770121286549504    52798554
916101885077213184    52798554
790595040099827712    52798554
909896181022633984    52798554
279818177    52798554
705698014346653697    1561065392
3951161428    1561065392
2335920103    1561065392
920304891876257792    1561065392
900775553497804800    1561065392
938694585164840961    708991850
19882775    708991850
111897759    708991850
165157989    708991850
939546388555272192    708991850
264182727    17155574
847193842541645828    17155574
928120234359377920    17155574
917187351851393024    17155574
14855279    17155574
833151542899404801    2787775708
149573116    2787775708
916519116197916673    2787775708
3240500891    2787775708
38535159    2787775708
492305780    284241195
66559251    284241195
825933974    284241195
3041770644    284241195
18084921    284241195
877083008049664000    936359893031940096
574023889    936359893031940096
937395004322000896    936359893031940096
935797896179601408    936359893031940096
897946093195022337    936359893031940096
977658518    193201461
30598012    193201461
3154711245    193201461
439710859    193201461
128389804    242179651
1933042237    242179651
831118495    242179651
3302840328    242179651
931606567778000896    242179651
928515721218482177    923982955214602240
924079810271363072    923982955214602240
921352063266840578    923982955214602240
24566116    941149420237750272
826136717040218112    941149420237750272
932555613338419200    941150186750881794
826136717040218112    941150186750881794
941180895414845440    85124669
940975015    85124669
1616469630    85124669
917051730    85124669
940864752095584256    85124669
898103268    2190607171
75051887    2190607171
911052888662622210    2190607171
28588271    2190607171
4772429664    2190607171
856320752316014593    829818779324514305
807001503835811842    829818779324514305
784450709362249729    829818779324514305
364956685    829818779324514305
884622493373353985    829818779324514305
1427299556    917859294862827520
52399432    917859294862827520
817867906969112578    917859294862827520
431983412    917859294862827520
3449503762    3806654292
857718153392013312    3806654292
270508945    3806654292
511263256    3806654292
3017638669    3806654292
2491715414    910534232988102656
14107837    910534232988102656
891573541639946240    888502494183145473
754920505048571904    888502494183145473
4226557876    888502494183145473
2286189025    888502494183145473
15140295    222958676
1858041589    222958676
57805365    222958676
941095220644601857    222958676
635558966    222958676
764134950496968704    911664401916284928
4126643241    911664401916284928
116811358    911664401916284928
722295522    911664401916284928
570315266    911664401916284928
355185888    842476765784113152
886469557417803776    842476765784113152
484536958    842476765784113152
348842142    842476765784113152
113606794    842476765784113152
904980870762598400    2162610096
701108018079883264    2162610096
3400890028    2162610096
1510436413    2162610096
4649000061    2162610096
921202129544421376    916117791324778496
928240424862433280    916117791324778496
935201574619463680    916117791324778496
2164584800    916117791324778496
911002279548928001    916117791324778496
916618263089471490    940752326993747968
4347136524    940752326993747968
908948225557590016    3354183813
2638587951    3354183813
1347447042    3354183813
935150492518293504    3354183813
3254598194    3354183813
182163434    850676121242816512
22686121    850676121242816512
421194323    850676121242816512
21257976    850676121242816512
906894083431583744    850676121242816512
909338442768818176    3370594906
75911818    3370594906
2752265434    3370594906
930367039767707649    3370594906
790864456465149952    3370594906
801840428345540609    3371645301
465369938    3371645301
76988138    3371645301
170404126    3371645301
3972818849    3371645301
902808547    121586030
349146441    121586030
24444891    121586030
854759139930554368    121586030
2351883894    121586030
581753557    851098800802476032
931868123342491648    851098800802476032
926016289    851098800802476032
3154398220    851098800802476032
918849723305480192    851098800802476032
884893452076552192    924835511490904064
4240348158    924835511490904064
3115459072    924835511490904064
883905555282239488    924835511490904064
834553764    924835511490904064
309586374    840866920236752897
2191317690    840866920236752897
64475358    840866920236752897
610379202    840866920236752897
1244041687    840866920236752897
3115459072    913291524200218624
931579129639694337    913291524200218624
216998174    913291524200218624
3143367878    913291524200218624
939500954549829633    913291524200218624
36000126    940957907163676672
923994607632994306    940957907163676672
35942147    940957907163676672
334972895    940957907163676672
2678895752    940957907163676672
935271650416840705    172962074
889833168743878656    172962074
2288375796    172962074
120574335    172962074
923178368182272001    172962074
497613191    48648452
1033677300    48648452
912316153070063616    48648452
54687243    48648452
429528665    48648452
832953828060205056    128219529
818538115312873472    128219529
2664969578    128219529
892266341100605440    128219529
9860432    128219529
722171906250711041    4167334895
225382060    4167334895
923178368182272001    4167334895
1283967264    4167334895
904533470285897738    4167334895
3268828026    930543413627322370
2286189025    930543413627322370
925651346367434752    930543413627322370
116778849    930543413627322370
892045200163524609    930543413627322370
4868688743    929385930594467840
1548756944    929385930594467840
878403261522472960    929385930594467840
4716252866    929385930594467840
45283825    929385930594467840
816332646695534593    571757052
4018531582    571757052
937586085579849728    571757052
874250538917003264    571757052
58202098    571757052
919386664409223173    383580323
1613631829    383580323
190906140    383580323
5514192    383580323
564000560    383580323
895353556500455424    29649145
720105319272202243    29649145
2694399414    29649145
764895910077706240    29649145
2584048753    29649145
936889088187256832    301730882
846186883847602176    301730882
934093255456600065    301730882
2418399300    301730882
48991673    301730882
188969454    204444000
3254485203    204444000
194693285    204444000
3686036533    204444000
848775140364005376    204444000
702331579356442624    941091548057366529
886524873975238656    941091548057366529
2837808707    941091548057366529
2945804404    941091548057366529
2956075401    941091548057366529
941145886167584768    941130695941947392
908048741839581184    728931909921865728
1242924222    728931909921865728
936744851294396416    728931909921865728
33730755    728931909921865728
1317387667    728931909921865728
1413516224    934455571998179331
99970764    934455571998179331
922117304367927302    934455571998179331
802643896958406656    934455571998179331
218697713    934455571998179331
886558361017356288    743856512
917143009388404736    743856512
1190581620    743856512
3159364908    743856512
720447354558656512    743856512
77285641    21242306
84424941    21242306
2599423520    21242306
277120302    21242306
226702002    21242306
1492524420    384443936
2250384092    384443936
325369594    384443936
2472800849    384443936
620516482    384443936
894960474571251712    604261155
136365653    604261155
938201441054937088    604261155
938306052537376768    604261155
884173414822535168    604261155
877656128    905702961182949376
932625184070230016    905702961182949376
854479128925491200    905702961182949376
933854926001922048    905702961182949376
933596387358400512    905702961182949376
934865092713308166    1259334432
140671099    1259334432
940978669618475008    1259334432
57700707    1259334432
841252643611824128    1259334432
499372002    4280688013
2774466191    4280688013
738372038197280769    4280688013
779898516667674625    4280688013
272946087    4280688013
834697379966095361    79391763
1285360795    79391763
141468904    79391763
803979414354665472    79391763
18438022    79391763
2305523863    4279064596
173511451    4279064596
158080802    4279064596
4562845222    4279064596
1650959167    4279064596
138422642    4165624408
2207585976    4165624408
731626015831797761    4165624408
744521751799922688    4165624408
374198412    4165624408
938562743459893248    726316416
899412993255014401    726316416
874023301    726316416
940801266929799168    726316416
702201918257369088    726316416
2742321208    818214787595325445
1499747761    818214787595325445
555604547    818214787595325445
713211367172386818    818214787595325445
932985174    818214787595325445
158080802    937089225173950466
3332742351    937089225173950466
3256614856    937089225173950466
3569054721    937089225173950466
3250979279    937089225173950466
2335405634    941009418078113792
831970484786913281    941009418078113792
873707451715133441    44749409
900092906048016384    44749409
15753498    44749409
346146654    44749409
426063119    44749409
941022837732716544    726916532
413523047    726916532
818091106843901953    726916532
3605796205    726916532
931323657749745665    726916532
542242392    543682629
430202841    543682629
74741054    543682629
928306407614681090    543682629
938859641827725312    543682629
1403948072    940860371946164227
34269896    940860371946164227
921964152754544641    881868480424812545
914336483095437314    881868480424812545
876792128344514562    881868480424812545
926703819123130369    881868480424812545
851661082837921792    881868480424812545
1544523204    895675400507973633
2816007016    895675400507973633
3090497637    895675400507973633
885392028049170432    895675400507973633
929959270388346881    895675400507973633
37599351    899192557
2432660533    899192557
745342653827416064    899192557
936258267252129797    899192557
751129494208016384    899192557
2669488296    854632530221387776
344686533    854632530221387776
1300979838    854632530221387776
2992002490    854632530221387776
940533578902966272    854632530221387776
332220496    864215776185724928
907630756339388416    864215776185724928
878827694095441921    864215776185724928
807974243526934528    864215776185724928
872517518157545475    864215776185724928
307041057    762709795707101184
2789100559    762709795707101184
939199123986747392    762709795707101184
1262776610    762709795707101184
1415453168    762709795707101184
1078103773    272296599
2251283739    272296599
105951678    272296599
3094535906    272296599
33559531    272296599
1582120135    357997845
805898494124888065    357997845
943904305    357997845
3279210082    357997845
847286924356091904    357997845
822386134499983360    844283410747154434
380449364    844283410747154434
446125696    844283410747154434
2563638090    844283410747154434
613076983    844283410747154434
37599351    24114018
94501244    24114018
799650517299367936    24114018
14763734    24114018
755766263394148352    24114018
703375857738489856    886952056459853824
829904791480328196    886952056459853824
1596848118    886952056459853824
223343768    886952056459853824
2282128135    886952056459853824
469078380    858399678433546244
855531448065040384    858399678433546244
2837359818    858399678433546244
929122324065820672    858399678433546244
881675195794305026    858399678433546244
177597880    2475139904
891919780550254592    2475139904
806206499987058688    2475139904
3074296376    2475139904
3370832668    2475139904
707314951    921278270913548289
3109383589    921278270913548289
63193053    921278270913548289
3101512507    921278270913548289
930426731428659200    921278270913548289
4010130735    2536701517
760935939027963904    2536701517
932690576398520323    2536701517
940657371671662592    2536701517
316471310    2536701517
2985360061    941161957893296129
484092485    941161957893296129
2971042623    941161827311878145
2985360061    941161827311878145
939412802883616768    941161827311878145
864750437026504705    941161827311878145
85124669    941161827311878145
905395849886285825    133998127
1908306661    133998127
937347368558542848    133998127
890833512621719552    133998127
195202314    133998127
907006079216779264    941161228507824129
752510676015415296    397827184
742800451536588800    397827184
927990017405923328    397827184
727952708460777474    397827184
928195306625347584    397827184
4834208217    755415105228017664
861537628323143682    755415105228017664
755773102370361345    755415105228017664
755743459034533888    755415105228017664
762147444435984384    755415105228017664
334257975    3642009198
1382065531    3642009198
919648901078151168    3642009198
933835147354558464    3642009198
911404707033346048    3642009198
2947506384    136102085
780274176745582592    136102085
1225997726    136102085
894113361071230977    136102085
930949815277703168    136102085
414616373    2984781465
778740489256181760    2984781465
1881598274    2984781465
821891741917663232    2984781465
1430704669    2984781465
932759657705345025    700396329919451136
936836297783762944    700396329919451136
732086398035992577    700396329919451136
3196799821    700396329919451136
16861327    700396329919451136
625148805    57700707
1013463733    57700707
242389436    57700707
265799326    57700707
183938747    57700707
796936628614799360    758571066985893888
2414874539    758571066985893888
2978559785    758571066985893888
240272522    758571066985893888
2627815628    758571066985893888
1526287316    894917055442554880
1344123854    894917055442554880
940510944337252352    894917055442554880
895947739036622848    894917055442554880
3254485203    894917055442554880
903232354696744960    875910783972110336
15807837    875910783972110336
63660427    875910783972110336
934939582138863616    875910783972110336
2281128559    875910783972110336
3015904903    710030003115679745
774196593721573376    710030003115679745
46255634    710030003115679745
700426447    710030003115679745
3216340810    710030003115679745
2834730071    744277928125530112
4669911625    744277928125530112
929544088730394624    744277928125530112
806638223153856512    744277928125530112
3019668255    744277928125530112
155653194    3328362383
3379407430    3328362383
21887341    3328362383
1080909060    3328362383
1236135817    3328362383
356602535    915818727098191872
801206924440117249    915818727098191872
771554108046139397    915818727098191872
940350770750242816    915818727098191872
418816216    915818727098191872
839816086434480128    16970124
812895339006988288    16970124
4784416032    16970124
899963410322001920    16970124
925492247981903875    16970124
920409433527775235    922291831244648448
318279819    922291831244648448
62461614    922291831244648448
140279579    922291831244648448
23487429    922291831244648448
913269133793529856    599444146
16539819    599444146
158205134    599444146
809919175321939968    599444146
901473855524483072    599444146
224478073    114658821
79553250    114658821
786887272037814272    114658821
821035083788328960    114658821
2208907113    114658821
899496632676372480    918809951211941888
889858967622615042    918809951211941888
918431378802335745    918809951211941888
939238383234060288    918809951211941888
922347416161959936    918809951211941888
899496632676372480    368986172
939238383234060288    368986172
899496632676372480    300235158
38570287    300235158
155201220    300235158
931202772556550147    300235158
929342339197280256    300235158
899496632676372480    856455025060696064
26789962    856455025060696064
998522221    856455025060696064
2148430651    856455025060696064
752432261774073856    856455025060696064
854647891    846764838462390272
705171136    846764838462390272
3031184187    846764838462390272
727760082889547776    846764838462390272
480888710    846764838462390272
823021024325337088    2400268952
934408158369533953    2400268952
1147078526    2400268952
449031957    2400268952
2269723975    2400268952
134755956    924558391820746752
927476718167842816    924558391820746752
747641920751558656    924558391820746752
935902785031344129    924558391820746752
725096726    924558391820746752
3308665527    741032291007406081
620516482    741032291007406081
924558391820746752    741032291007406081
2826049381    741032291007406081
3284677858    741032291007406081
418273948    4822069151
2460085858    4822069151
20897693    4822069151
383526799    4822069151
3257466470    4822069151
1237883275    2343297244
133273994    2343297244
2571025875    2343297244
397506251    2343297244
2785887524    2343297244
345965379    883385197814628353
928269651678810112    883385197814628353
881125206282166272    883385197814628353
872690378259931136    883385197814628353
914674092724416512    883385197814628353
866619415546257408    878526545245196288
903146219626799104    878526545245196288
823526421674889219    878526545245196288
881770159240732673    878526545245196288
799455964827156482    1515214561
195807173    1515214561
320469419    1515214561
32705644    1515214561
71657106    1515214561
852743251710812160    2273882442
930643998800101377    2273882442
916432797623095297    2273882442
375830447    2273882442
907646106632200192    2273882442
927934977601400832    348407981
318383192    348407981
820098534242254852    348407981
623496813    348407981
3656539452    348407981
3190365060    839211783063801859
765935337944313856    839211783063801859
910926643295850498    839211783063801859
889223650360033281    839211783063801859
937278295229349888    839211783063801859
908903275188994048    839932535169814529
921201015407423488    839932535169814529
911138949401382912    839932535169814529
791143166628036608    839932535169814529
803395731021103104    839932535169814529
830235480998293504    2746431870
917890570835644416    2746431870
935359113806061568    2746431870
1308613195    2746431870
914140534658224129    2746431870
1945261897    1644699692
1644703021    1644699692
44858405    291590597
195555289    291590597
227115388    291590597
143850267    291590597
797389792875020288    291590597
366036433    318749096
562545097    318749096
2983476714    318749096
428038232    318749096
827904433224826881    318749096
549877567    721182979024896000
2769887153    721182979024896000
832802276284641282    721182979024896000
2751755926    721182979024896000
821662957922828289    721182979024896000
880273268    4590993146
827921940031561729    4590993146
837307810241196034    4590993146
749785718    4590993146
823006234945187840    4590993146
858445451648827392    852535391315951616
929169387449237504    852535391315951616
2333488149    3303492761
795586058    3303492761
2216485952    2327337469
86285495    2327337469
15210670    2327337469
77394624    2327337469
1510413546    2327337469
930143582530371584    3083066787
3189498748    3083066787
920221768408817664    3083066787
615208588    3083066787
238088473    3083066787
22209201    889116125279244288
817052761372049408    889116125279244288
916650635948380162    889116125279244288
906668044801527808    889116125279244288
877468109371604993    889116125279244288
1933042237    68644083
754066826397638657    68644083
2881185502    68644083
44597700    68644083
85832851    68644083
553013990    2324574642
187715359    2324574642
457081115    2324574642
728139007696080896    2324574642
130177185    2324574642
320873824    53695162
3063535938    53695162
15014747    53695162
768185864165978112    53695162
1593983834    53695162
941153714777272320    841787793424715778
2883889936    841787793424715778
730151805150093312    3227433148
517014401    3227433148
2432712505    3227433148
941153714777272320    3227433148
3154056148    3227433148
344686533    2485432224
2660047382    2485432224
1685050800    2485432224
2433935083    2485432224
711110039260565505    2485432224
752181052689514497    772054349606379520
2717741989    772054349606379520
1675720537    772054349606379520
262585076    772054349606379520
2660047382    772054349606379520
2660047382    869287621
1685050800    869287621
940658310960832513    869287621
788729389    869287621
1000139167    869287621
2660047382    482389177
1685050800    482389177
144366785    482389177
14619266    482389177
2797207663    482389177
2660047382    4714963694
1685050800    4714963694
1398623743    4714963694
2667587480    4714963694
506632089    4714963694
1692638725    2271543909
430877817    2271543909
940120902838226944    2271543909
743332361291468802    2271543909
828479371702833153    2271543909
940619031609884672    18438022
609891754    18438022
779728803392258052    18438022
940933213089816578    18438022
940490904028303363    18438022
916987536412512258    1527826106
3093217853    1527826106
1452295100    1527826106
933209086870437888    1527826106
940276782539923457    1527826106
766591900367237122    2927513940
928437148780412928    2927513940
893458729915613185    2927513940
3081877435    2927513940
732943335006953472    2927513940
941174433930125312    32356800
93966791    32356800
909865403379195904    32356800
568199304    32356800
928835130034069504    32356800
5548212    818926337138290689
804063008343412736    818926337138290689
140130887    818926337138290689
936118074801053698    818926337138290689
789842671594381312    818926337138290689
933577182672072705    839215399249952768
1970267966    839215399249952768
927058838234083328    839215399249952768
921257094388551680    839215399249952768
895456914502561792    839215399249952768
924673362873503744    830432532516663301
907936749858557952    830432532516663301
768464261999890432    830432532516663301
873199244764737536    830432532516663301
385039748    830432532516663301
714195817888935936    836784542010785792
845103772745547777    836784542010785792
784921529389813761    836784542010785792
1145437242    836784542010785792
3157663893    836784542010785792
834233921399320577    834243676746477570
826132376698941440    834243676746477570
913617253287055360    941148569767161858
2463435104    941148569767161858
1949917248    941148569767161858
941149397664100352    941148569767161858
2866824389    917196629723185152
2288375796    917196629723185152
711556299    917196629723185152
940210059900006400    917196629723185152
472351692    917196629723185152
9126042    937731608219717632
902240545828773888    937731608219717632
940318693325787138    937731608219717632
2816007016    937731608219717632
889664824619266048    937731608219717632
731164510489313280    891627917075247106
923447258573570048    891627917075247106
4008390124    891627917075247106
821566822822670336    891627917075247106
74605400    891627917075247106
3369366981    906999353604276224
831898532474978306    906999353604276224
881608084073959424    906999353604276224
927612224956456961    906999353604276224
930158538600665088    906999353604276224
3842191037    932256116016386048
759783957101547522    932256116016386048
27250894    932256116016386048
740597986846203904    932256116016386048
891813393522462720    932256116016386048
755619949897539586    2398736432
904650732170772480    2398736432
935455478095777792    2398736432
92462749    2398736432
2640753378    2398736432
849447377597591554    941144096260968448
225972525    941144096260968448
917132723650809860    941049004401577984
3835337419    941049004401577984
755619949897539586    941049004401577984
941071982644391936    941049004401577984
755619949897539586    821624345457987588
932470216226832385    821624345457987588
873793189081108480    821624345457987588
929109864202326018    821624345457987588
936835930408628224    821624345457987588
755619949897539586    843647061815939072
913564929482948609    843647061815939072
796621592780480512    843647061815939072
1011462918    843647061815939072
884967934770032640    843647061815939072
914571519615016960    869647792657936384
882334717676277762    869647792657936384
930646842215411712    869647792657936384
892331026294243328    869647792657936384
901123132144185344    869647792657936384
849111569925406720    909420799051919360
938770190665437185    909420799051919360
542385759    909420799051919360
912323720798076928    909420799051919360
1664934326    909420799051919360
2338409546    865718881763119104
936287223871188992    865718881763119104
3028477250    865718881763119104
2700788298    865718881763119104
3085324032    865718881763119104
294656689    478123361
710023802273472513    478123361
1486227074    478123361
895260593409732609    478123361
30011458    478123361
939914430443290624    868041445772476416
937447241354059776    868041445772476416
941218540601819138    868041445772476416
3234645135    868041445772476416
889942202536919041    868041445772476416
740848874609381378    3058433106
881894914581291008    3058433106
764249429641662464    3058433106
105265212    3058433106
2855131451    3058433106
911621629981184006    918944630162493440
464989762    918944630162493440
46122264    918944630162493440
937494655180029952    918944630162493440
937674353033879552    918944630162493440
934806398751379456    980320711
894481358797414404    980320711
717597445077622784    980320711
795957096307105792    980320711
864067549075558400    980320711
898827868318420993    757578312151601153
38307741    757578312151601153
929091510666133504    757578312151601153
504769474    757578312151601153
2333669818    757578312151601153
771806541183905792    702442438
898734834239115268    702442438
912751576153972737    702442438
941177727503257602    702442438
3859692748    702442438
117168730    801432909332684800
3021652513    801432909332684800
846343506809372672    801432909332684800
909374549426184193    801432909332684800
807688456046542848    801432909332684800
509971242    560431185
904795731063701504    560431185
890222841765011456    560431185
36555114    560431185
881415030541037568    560431185
894307339846725634    941109839698300929
332193483    941108599283179521
941165113104576512    941158017072009221
894919114510225408    941158017072009221
3065100646    941158017072009221
3005189614    941158017072009221
2286629740    941158017072009221
2985360061    941146139511873536
243578037    33669105
950700768    33669105
942555662    33669105
2743085117    33669105
905393118714966016    33669105
837010141287444484    777539346064936961
4042097053    777539346064936961
1365744350    777539346064936961
425526328    777539346064936961
3315156771    777539346064936961
939884269614141440    941153185321947136
283161604    941153185321947136
939884269614141440    940066004415135744
283161604    940066004415135744
2715130891    940066004415135744
1690188835    940066004415135744
1937550230    940066004415135744
496514982    226734890
80244766    226734890
927531446503219200    226734890
837996461883285505    226734890
206937386    226734890
939884269614141440    940032137524158464
283161604    940032137524158464
1136574486    940032137524158464
811310791353737217    940032137524158464
904031924833968129    940032137524158464
939884269614141440    1408276987
884841622017642497    1408276987
283161604    1408276987
1410552228    1408276987
24737257    1408276987
89486578    940434209692442624
928993006052610049    940434209692442624
940770007151243265    940434209692442624
846149423906377728    940434209692442624
1262776610    940434209692442624
118454853    311807952
4645354727    311807952
554840957    311807952
3270401719    311807952
68480872    311807952
464989762    938587857962315776
168248184    938587857962315776
89486578    938587857962315776
276763252    938587857962315776
897133247217491969    938587857962315776
89486578    109031296
2289905567    109031296
929926429403504641    109031296
936420524091207680    109031296
2585767709    109031296
795660671413260289    912058683823190017
4422309554    912058683823190017
232181977    912058683823190017
927005805668216832    912058683823190017
920320202948202497    912058683823190017
61783691    4337726353
861186328272261120    4337726353
923339456408641536    4337726353
908769651311726592    4337726353
14640553    4337726353
3060426207    862847757454888960
815523650103287808    862847757454888960
563946002    862847757454888960
868359642593841152    862847757454888960
841805521854337024    862847757454888960
61783691    1571728729
829520699773612032    1571728729
702640994949447681    1571728729
1446962954    1571728729
3232932888    1571728729
61783691    3282031490
3284548448    3282031490
3272284872    3282031490
883522309109280768    938922441413406720
819871796627460097    938922441413406720
61783691    938922441413406720
1564422794    938922441413406720
1106798186    938922441413406720
326485510    322734978
2520101921    322734978
939024281429622785    322734978
938948920599818241    322734978
846295199437508608    322734978
3019457337    940696135471116289
39088250    940696135471116289
66749571    940696135471116289
581290522    242386104
938261595276365829    242386104
935009444722814976    242386104
712212238006812672    242386104
854147125453611008    242386104
2407302649    733377602572947456
547896850    733377602572947456
935711272405995520    733377602572947456
2385943243    733377602572947456
888113732311633922    733377602572947456
719675008545468417    873792771596865536
832450190279733248    873792771596865536
873264290815393792    873792771596865536
4720106714    873792771596865536
2880205169    873792771596865536
2324810984    3037118059
3291443559    3037118059
3003831764    3037118059
924486346403713024    3037118059
832450190279733248    3037118059
4822207319    90769508
832450190279733248    90769508
924192435051421696    90769508
933355598904811520    90769508
933353035711041536    90769508
2795163684    758016998345412609
1192453844    758016998345412609
1715652540    758016998345412609
708843420    758016998345412609
3872269935    758016998345412609
172632065    920837330243526656
932280851663949824    920837330243526656
844273207490183170    920837330243526656
2751673597    920837330243526656
939496185584173056    920837330243526656
935882625767505920    706638752760729600
931727942060621824    706638752760729600
826200758190166018    706638752760729600
3196090615    706638752760729600
3277884877    706638752760729600
924638027812560897    929507698621554688
924527423206461440    929507698621554688
908532727242092545    929507698621554688
916568093601669120    929507698621554688
926624063526596609    929507698621554688
934217623285272577    920927541099094016
920884460618260480    920927541099094016
2523286976    920927541099094016
885288959093256192    920927541099094016
936072906446028800    920927541099094016
912703673494470657    2922437460
917972776815878145    2922437460
912232164724416512    2922437460
935582158701281280    2922437460
2803429627    2922437460
883011651783413760    802757146441961472
3094255981    802757146441961472
909659460213161984    802757146441961472
900277083284185090    802757146441961472
937661359633743872    802757146441961472
757437278620782592    94540506
2489533916    94540506
931116184803598337    94540506
762506304602550273    94540506
939891051778621440    94540506
937497190133460994    3032116903
2489533916    3032116903
621850173    3032116903
939042927870799872    3032116903
908154547004043264    3032116903
924784238007795712    135462713
839325013    135462713
778864173463707648    135462713
749199200148004866    135462713
15753498    135462713
868149472282398720    939041537173762049
899643268601790466    939041537173762049
156507118    939041537173762049
937242562267508736    939041537173762049
928988485641428992    939041537173762049
364934625    848160691571703809
1935895376    848160691571703809
715863205617078273    848160691571703809
709021036772065280    848160691571703809
918075223567560704    848160691571703809
922798109398261760    929691878705868800
929354091364458496    929691878705868800
723517455767724033    929691878705868800
885789311970426880    929691878705868800
916571454098989056    929691878705868800
3160950769    244926549
927605256611020800    244926549
87371953    244926549
844437822190882817    244926549
861519423319953408    244926549
4225142172    926786688654893063
838305732235669504    926786688654893063
853455780904714240    926786688654893063
925211630480211968    926786688654893063
886190319749943296    926786688654893063
829527694756884480    861547081051160580
1680793856    861547081051160580
3017356127    861547081051160580
741968188171128833    861547081051160580
843648251148419072    861547081051160580
702508466    935689482455543809
833322073036435460    935689482455543809
801750871767916544    935689482455543809
823720573847019520    935689482455543809
237312801    935689482455543809
2475261284    105727548
926415923891679233    105727548
3271830031    105727548
845843348556435456    105727548
788991049033134080    105727548
3278384515    377320459
2447382757    377320459
207366549    377320459
918017917467291648    377320459
199162467    377320459
3256083794    936095327534268417
2578059804    936095327534268417
2995752050    936095327534268417
800666845527220224    936095327534268417
859254864106442752    936095327534268417
835992937813041152    890174308399448064
891335806702436352    890174308399448064
3288237968    890174308399448064
3422351398    890174308399448064
4438272441    890174308399448064
899563971216322561    865538495263014914
917640723985342464    865538495263014914
762918491074596864    865538495263014914
940766551434674176    865538495263014914
922819312347365376    865538495263014914
886314930302885888    822618876550807552
44364619    822618876550807552
840961774534955013    822618876550807552
85684270    822618876550807552
3012970362    822618876550807552
373064710    935300575113240582
1424782682    895401244826767360
898446360189390853    895401244826767360
698499018557517824    895401244826767360
4452587659    895401244826767360
869737220307009536    895401244826767360
938327915246342144    33958793
11104872    33958793
860249422403428352    33958793
327764142    33958793
816614546    33958793
359188534    23947533
877474742273486848    23947533
240462699    23947533
831407623081717760    23947533
824058204330004481    23947533
2966078363    861435125204221952
1713500552    861435125204221952
396518706    861435125204221952
4142359582    861435125204221952
32671625    861435125204221952
827186757225611266    928769566284570625
388573622    928769566284570625
2990513860    928769566284570625
18438022    928769566284570625
860249422403428352    928769566284570625
23769223    910401056122818560
940230740817661952    910401056122818560
1124925002    910401056122818560
940347711462739968    910401056122818560
940814713448992768    910401056122818560
1433494722    75742264
3290180368    75742264
902000998444658688    75742264
893773429287079936    75742264
4802584747    75742264
550182903    1966921812
941279583256526848    1966921812
941278347941765121    1966921812
4916876501    1966921812
938712505366355968    1966921812
77561063    231547812
25089220    231547812
933462560065622017    231547812
846020605459611648    231547812
839314356651208704    231547812
4507313779    829369864368201728
3000210301    829369864368201728
243814975    829369864368201728
706666581741318144    829369864368201728
3242344867    829369864368201728
2758334348    819022048148107264
1288324308    819022048148107264
4463672294    819022048148107264
878599042355257344    819022048148107264
4217705596    819022048148107264
917388053823447040    3220949784
853757558678364160    3220949784
921797853336539138    3220949784
886564408666836997    3220949784
2840910204    3220949784
256842238    50228025
2972065366    50228025
222802607    50228025
1017319020    50228025
784510866603606016    50228025
888033768736382977    932150372470202369
807927371407818753    932150372470202369
776982563294281729    932150372470202369
941219100788891650    932150372470202369
859005164451110912    932150372470202369
864232777507520512    937724238315667458
771310408061771777    937724238315667458
838328690207420416    937724238315667458
750285855839838209    937724238315667458
941252814113726464    937724238315667458
924394280747069440    1249509426
757780957629820928    1249509426
3140974587    1249509426
54245965    1249509426
876106680072798209    1249509426
735167485763149829    740956292911669248
3957792862    740956292911669248
30068057    740956292911669248
4504721956    740956292911669248
102645071    740956292911669248
2974847109    929995279583064064
912618739773796352    929995279583064064
156142050    929995279583064064
829171321556893698    929995279583064064
75845594    929995279583064064
777527229437861890    870202804417122305
56491145    870202804417122305
465964714    870202804417122305
4719327615    870202804417122305
752226688403136512    870202804417122305
3140974587    189559698
870492940082135040    189559698
4445050813    189559698
8218622    189559698
487308755    189559698
1322257022    3370474107
167760471    3370474107
810178352871047168    3370474107
65130553    3370474107
4098896598    3370474107
15807837    4483397542
788108666452914176    4483397542
941032085913038853    4483397542
2875903635    4483397542
1911219954    4483397542
101347784    2443412760
16447856    2443412760
726779020168175616    2443412760
1931888430    2443412760
281892256    2443412760
4650758924    2919362404
403179950    2919362404
3274763359    2919362404
3367586451    2919362404
33923443    2919362404
57358661    112822041
869200956134748161    112822041
369333328    112822041
379498333    112822041
178970445    112822041
939218670227779589    1965254053
864630787584479232    1965254053
915237767369674758    1965254053
928290533398728706    1965254053
736187340750721025    1965254053
138690386    1926096913
1967020344    1926096913
938066721327292418    1926096913
931702225952317442    1926096913
157626932    1926096913
25990389    3100251278
460561463    3100251278
730879565929779200    3100251278
3313981306    3100251278
715516191016615936    3100251278
833197238    461363118
49944580    461363118
936466637347311617    461363118
38340210    461363118
2989281194    461363118
2551250270    144429369
18500852    144429369
36932334    144429369
934781326007271424    144429369
928563596749090817    144429369
894919114510225408    938896885301022721
2551250270    938896885301022721
32356800    938896885301022721
1406619086    938896885301022721
563946002    938896885301022721
2551250270    938383519801208832
1619425927    938383519801208832
2292351476    938383519801208832
331888826    938383519801208832
613061525    938383519801208832
933390186200944640    796435297
941143983295737856    796435297
818954005942566912    796435297
941155094309036033    796435297
941144140804485121    796435297
1647916304    895074091203297280
563946002    895074091203297280
1136574486    895074091203297280
2286629740    895074091203297280
909530399457636352    895074091203297280
843025144649981952    929722790940327936
24400702    929722790940327936
887685446897201153    929722790940327936
3168830445    929722790940327936
835130387915485184    929722790940327936
939968586134810624    143912090
2882124571    143912090
252332089    143912090
934798265006014464    143912090
931025092670193665    143912090
33857467    937296516737146880
899771294316601344    937296516737146880
937296647889014784    937296516737146880
937296609683140608    937296516737146880
937296586962587648    937296516737146880
920920698066841600    932300716617621504
403179950    932300716617621504
940274578143580160    932300716617621504
929722790940327936    932300716617621504
933659861065252864    932300716617621504
833583425521020928    3238324316
922420118730063874    3238324316
933692062838308864    3238324316
3150623222    3238324316
802089682469126144    3238324316
903239381619576832    394820271
919728621085794304    287231698
142047453    29185326
1360407830    29185326
579111710    29185326
930429562030252034    941165639279951873
1374391381    941165639279951873
864750437026504705    941165639279951873
1077872654    927904995521056768
785547475    927904995521056768
3380369602    927904995521056768
575794993    927904995521056768
3440378892    927904995521056768
1149340585    941137798114852864
941197381609099264    941137798114852864
872144905597927424    941137798114852864
940731439833845760    4294206733
1077872654    4294206733
2465029338    4294206733
574023889    4294206733
154311445    4294206733
1077872654    159190233
720552854465843200    159190233
2740057907    159190233
934676246931185664    159190233
208346256    159190233
541502762    1107339800
1669801314    1107339800
817112089663832064    1107339800
128856291    1107339800
26411861    1107339800
940471813037019136    246975466
236879111    246975466
3793979721    246975466
1948802528    246975466
939230091699281922    246975466
808994211857055744    907262447387643907
922326458281861121    907262447387643907
924607887086821379    907262447387643907
835089011945394176    907262447387643907
806491753435918336    907262447387643907
1262776610    940341963156611072
907666383558787073    940341963156611072
2991624456    940341963156611072
1948802528    940341963156611072
403179950    940341963156611072
2750842118    930309877259554816
780615980351234048    930309877259554816
227942485    930309877259554816
2797083699    930309877259554816
789749187717935104    930309877259554816
917455237643771905    754637948054798340
757712755    754637948054798340
934170798784425986    754637948054798340
2346501266    754637948054798340
941179679569977344    754637948054798340
3027313735    899743982686699520
709138515527921664    899743982686699520
1406619086    899743982686699520
811194649465516033    899743982686699520
925065754529222656    899743982686699520
2991624456    4331857876
1964488375    4331857876
741639990690516993    4331857876
791065918726037508    4331857876
4651278860    4331857876
940910207474925570    940766394320240640
791065918726037508    940766394320240640
2797083699    940766394320240640
940738960141164544    940766394320240640
779758926237696000    933558151575506944
897953915731410950    933558151575506944
403179950    933558151575506944
2985197002    933558151575506944
820828591    933558151575506944
917455237643771905    754637948054798340
757712755    754637948054798340
934170798784425986    754637948054798340
2346501266    754637948054798340
941179679569977344    754637948054798340
751569213047787520    940960009264930816
813402756513828864    940960009264930816
875214979451846656    940960009264930816
614033323    940960009264930816
875213281979277312    940960009264930816
940918764173975553    2196590924
3044526195    2196590924
931414745713754112    2196590924
935352010559205377    2196590924
3222158827    2196590924
3033601673    940751624070422530
615496495    940751624070422530
4430903653    940751624070422530
1296611390    265761494
33994299    265761494
4909924170    265761494
1668132566    265761494
936257274179407872    265761494
932664490579161089    774044338414387200
939566291852996608    774044338414387200
1002060242    774044338414387200
748718997911339008    774044338414387200
369539092    774044338414387200
2848206734    129493385
412146475    129493385
24758134    129493385
65349100    129493385
3042173895    129493385
774876191719354368    40626279
882683175838691328    40626279
2419815944    40626279
884657463265378305    40626279
720539321351192576    40626279
878285060780064768    807909100012982273
2571203778    807909100012982273
874236600619814912    807909100012982273
130588875    807909100012982273
892015620316942336    807909100012982273
3447399672    21028396
564000560    21028396
2345841325    21028396
3752133213    21028396
424690337    21028396
127674763    343979072
711128653367808000    343979072
207568866    343979072
20974782    343979072
1707886068    343979072
846388772702863362    786947552709005316
785183971034423301    786947552709005316
938989002610302976    786947552709005316
17881816    786947552709005316
3139011428    786947552709005316
941198617611825154    54157495
564000560    54157495
329453863    54157495
1397343109    54157495
928537698641555456    54157495
906730953900470272    543840793
3679543701    543840793
3065922244    543840793
33345091    543840793
939118639076093952    543840793
886952056459853824    940778658054094848
818813158538104836    940778658054094848
764096123522969600    940778658054094848
805660368416608260    940778658054094848
753806867533434881    940778658054094848
617066564    744888272506195968
902535050750820354    744888272506195968
796899427235594241    744888272506195968
788631727023525888    744888272506195968
3981521259    744888272506195968
1038726722    2965186678
92740361    2965186678
2705683220    2965186678
1159297052    2965186678
523526796    2965186678
2996339464    2984610092
734930461    2984610092
2473789096    2984610092
929232408381149184    2984610092
153320881    2984610092
791679762    4407007168
27253242    4407007168
814840685367017472    4407007168
68881875    4407007168
862906928195883009    4407007168
879573789184409600    2659696782
1136907710    2659696782
936213878928576513    2659696782
1245715224    2659696782
2955319713    2659696782
114538779    2376327001
18000026    2376327001
935731588385660930    2376327001
931700792251252737    2376327001
769165265607196672    2376327001
555438212    912078816960499715
812264784456318976    912078816960499715
801677550191640580    912078816960499715
173069403    912078816960499715
558934636    912078816960499715
2842063242    430103578
703102952643297280    430103578
879894517566099456    430103578
24356458    430103578
47956494    430103578
24566830    728969585848766464
919502736583880706    728969585848766464
1099451587    728969585848766464
820103947    728969585848766464
759420466897444864    728969585848766464
827135985024659456    878248885776470016
797344161712271361    878248885776470016
935694238959804416    878248885776470016
799135793340157952    878248885776470016
541907875    878248885776470016
426840919    2939942884
820119128249769984    2939942884
135697138    2939942884
926285703251558400    2939942884
918438552060362752    2939942884
3157915022    2313099380
2735843731    2313099380
896029995310530561    2313099380
136593839    2313099380
510212603    2313099380
852763056585056256    20811534
724400607621050368    20811534
588250521    20811534
928620446962061312    20811534
930466938    20811534
839444608450867200    933088406992760832
753221131428069376    933088406992760832
896224344027807744    933088406992760832
4698310784    353124043
891594726624944128    353124043
900908694396915712    353124043
779996205732376576    353124043
1456661408    353124043
934748392470716416    745713652012036096
826408118598799363    745713652012036096
2473322581    745713652012036096
880235116886405120    745713652012036096
2772274962    745713652012036096
36889519    1537424935
846673400366010368    1537424935
856716577680445442    1537424935
920720796808613907    1537424935
4003842389    1537424935
742361101610848257    819415104559017984
4859064595    819415104559017984
4146524238    819415104559017984
341608811    819415104559017984
3171935094    819415104559017984
75051887    2361811352
234082569    2361811352
3041525367    2361811352
825465578248863744    2361811352
1126976456    2361811352
36932419    907457615285846016
730441212910575616    907457615285846016
1930704570    907457615285846016
25664085    907457615285846016
906421341502492672    907457615285846016
773773931257946112    903725530045972481
723682423368605696    903725530045972481
822206416756711424    903725530045972481
86423921    903725530045972481
2953853548    903725530045972481
2971473881    829452493847343106
2574720804    829452493847343106
100307991    829452493847343106
928333882528882688    829452493847343106
503318302    829452493847343106
821145576628768768    1184055816
738306207429971968    1184055816
2684897096    1184055816
792100513529655296    1184055816
837195089415913473    1184055816
2255624479    928374092935315456
911826984304615424    928374092935315456
2611892976    928374092935315456
931072354473480192    854710947776143365
922507310794080256    854710947776143365
873310687875018752    854710947776143365
791555000749133824    854710947776143365
851908003217408000    854710947776143365
2686493879    2522421807
2293512126    2522421807
37589351    2522421807
395534618    2522421807
846082792324812803    2522421807
890896322840207360    4794051023
3027238221    4794051023
832740824098025473    4794051023
4697205757    4794051023
4691164063    4794051023
927416333263884288    1696445076
167760471    1696445076
909248826107727874    1696445076
926319316059983872    1696445076
917711952448819200    1696445076
737778285837324288    1421544140
737658322807980032    1421544140
914661710153252864    1421544140
929570168044261376    1421544140
821880344114823168    1421544140
4164736215    4121909752
741252392746921984    4121909752
840021848813371394    4121909752
2771568833    4121909752
932020486111932416    4121909752
928214565627801600    842341822299033601
2915233442    842341822299033601
410451474    842341822299033601
773788256362229760    842341822299033601
355385228    842341822299033601
1680638270    872161536156069893
930099867954925570    872161536156069893
3368318325    872161536156069893
909098312942354433    872161536156069893
934097264724889600    872161536156069893
907437914325483521    146680372
908541338085289986    146680372
786228078129270785    146680372
15943534    146680372
345834231    146680372
909408889908670464    3048340073
915347672105709568    3048340073
789895296348291073    3048340073
3243439025    3048340073
86027565    3048340073
1491123775    2592111260
450823265    2592111260
2343840581    2592111260
753567518    2592111260
3288325875    2592111260
939893194225004544    3864331572
4038512178    3864331572
926591952824487936    3864331572
2718639853    3864331572
927910567679053824    3864331572
1655848988    940770121286549504
52798554    940770121286549504
1044992862    916101885077213184
3234237338    916101885077213184
3283166400    916101885077213184
929394175178629120    916101885077213184
940352337465479175    916101885077213184
52798554    790595040099827712
4917743120    790595040099827712
3026878626    790595040099827712
962626568    790595040099827712
74068541    790595040099827712
931641997886148608    909896181022633984
700950868493991936    909896181022633984
720073056958472192    909896181022633984
17850785    909896181022633984
929633303694577664    909896181022633984
614228391    279818177
3257157422    279818177
52798554    279818177
847779279630770176    279818177
2832378446    279818177
878327439285288961    705698014346653697
482735632    705698014346653697
358757941    705698014346653697
348551024    705698014346653697
2966078363    705698014346653697
912633193534287874    3951161428
1561065392    3951161428
2217682973    3951161428
39979971    3951161428
15518172    3951161428
888030081343340544    2335920103
554478567    2335920103
15656663    2335920103
926863126317948933    2335920103
845465022046232576    2335920103
1561065392    920304891876257792
3125098432    920304891876257792
3321488272    920304891876257792
275197985    920304891876257792
1905701484    920304891876257792
2424661159    900775553497804800
321774180    900775553497804800
1561065392    900775553497804800
2177990714    900775553497804800
920799967563976704    900775553497804800
940110634837876736    938694585164840961
927668638932504577    938694585164840961
721343413698895872    938694585164840961
933440516309610496    938694585164840961
822989070875836417    938694585164840961
941318248573804544    19882775
938179507315400704    19882775
941011258861604865    19882775
747617076563558400    19882775
934171840125251584    19882775
430881312    111897759
840352732452147201    111897759
839639805323526156    111897759
3298488905    111897759
826716632047349760    111897759
4866451906    165157989
3324927395    165157989
744949711786774529    165157989
15210670    165157989
2175257492    165157989
2753205853    939546388555272192
928988256120786944    939546388555272192
586019266    939546388555272192
13850372    939546388555272192
3275101728    939546388555272192
52798554    847193842541645828
1561065392    847193842541645828
708991850    847193842541645828
17155574    847193842541645828
2787775708    847193842541645828
908638518804611072    928120234359377920
3133797870    928120234359377920
99625923    928120234359377920
761322488831807488    928120234359377920
315690078    917187351851393024
203975465    917187351851393024
941025092770729984    917187351851393024
137368787    917187351851393024
388454092    917187351851393024
928109497557667841    14855279
743761437265256448    14855279
3183942428    14855279
55146301    14855279
935182485188763648    14855279
896980401058492416    833151542899404801
1386012930    833151542899404801
822250182658195456    833151542899404801
2568099520    833151542899404801
420875454    833151542899404801
4786292665    149573116
822173761017417732    149573116
1503895189    149573116
4406339353    149573116
2319494689    149573116
933361549766529026    916519116197916673
936976266544246785    916519116197916673
456679793    916519116197916673
818717341085147136    916519116197916673
1459564980    916519116197916673
938597401492934656    3240500891
895823092617838592    3240500891
47177576    3240500891
940671980151373825    3240500891
2380535282    3240500891
2939927093    38535159
135338926    38535159
354203261    38535159
941312956482162688    38535159
3178545498    38535159
45681977    492305780
40032444    492305780
99568631    492305780
19893663    492305780
350182923    492305780
803291441216655360    66559251
933315478952562688    66559251
808703984    66559251
4613159720    66559251
3371362042    66559251
941003032292216834    825933974
704272725636853761    825933974
735073565494673408    825933974
276856053    825933974
258617138    825933974
3937914677    18084921
1490899279    18084921
747914623    18084921
4876466794    18084921
334021325    18084921
320707830    877083008049664000
89316991    877083008049664000
1580202926    877083008049664000
85349945    877083008049664000
55131930    877083008049664000
897504129093779456    574023889
344512518    574023889
394963950    574023889
3192124834    574023889
448586937    574023889
898574502816169984    937395004322000896
918345748479139840    937395004322000896
933621732946178048    937395004322000896
930038173434089472    937395004322000896
868141920673030144    937395004322000896
922047519487602689    935797896179601408
934389748369580033    935797896179601408
930439039110602752    935797896179601408
924991884719742977    935797896179601408
863592321929150466    935797896179601408
936359893031940096    897946093195022337
369725933    897946093195022337
391103500    897946093195022337
1531551396    897946093195022337
2808577839    897946093195022337
125757964    977658518
2398538677    977658518
193201461    977658518
914908917330616320    977658518
901122338971725824    977658518
543755533    3154711245
226332506    3154711245
798709869289345024    3154711245
928359350    3154711245
14116949    3154711245
1312222128    439710859
967000098    439710859
25191246    439710859
3158183287    439710859
24074584    439710859
838345661535948804    128389804
136451593    128389804
941046668690063360    128389804
913088327569506305    128389804
30332062    128389804
106029098    1933042237
31203786    1933042237
113362830    1933042237
939826941732929536    1933042237
446613736    1933042237
33950249    831118495
941313649926340610    831118495
920012901057929216    831118495
940997281192579073    831118495
96710706    831118495
4810552302    931606567778000896
771918540760817664    931606567778000896
932033929590296576    931606567778000896
85124669    931606567778000896
43286562    931606567778000896
928721233033666560    928515721218482177
711166748922290177    928515721218482177
934043912121044992    928515721218482177
927961494859538432    928515721218482177
63818186    928515721218482177
921997345989918721    921352063266840578
922604718832021504    921352063266840578
923982151082827776    921352063266840578
922607353522016256    921352063266840578
923982550896328704    921352063266840578
759182738595328000    24566116
922253123963490304    24566116
940618998265159680    24566116
898612321974706180    24566116
936716811126665217    24566116
4786373303    826136717040218112
941149420237750272    826136717040218112
941150186750881794    826136717040218112
85124669    826136717040218112
2190607171    826136717040218112
866642397106765824    932555613338419200
44914646    932555613338419200
939124242792120320    932555613338419200
1477650540    932555613338419200
787264349551198208    932555613338419200
4786373303    826136717040218112
941149420237750272    826136717040218112
941150186750881794    826136717040218112
85124669    826136717040218112
2190607171    826136717040218112
128389804    941180895414845440
2522126634    941180895414845440
34524518    941180895414845440
636103156    941180895414845440
32356800    941180895414845440
720073056958472192    940975015
928024170537082883    940975015
459952600    940975015
450928350    940975015
3418981034    940975015
1688111785    1616469630
737757967    1616469630
926443371052253184    1616469630
2305567171    1616469630
724795246266093568    1616469630
32356800    917051730
937833277389492224    917051730
85124669    917051730
403179950    917051730
18438022    917051730
200583835    940864752095584256
32356800    940864752095584256
2479613021    940864752095584256
85021241    940864752095584256
405894692    940864752095584256
2769371558    898103268
460461026    898103268
134971660    898103268
2205220087    898103268
91087253    898103268
2865337542    75051887
845837071768043520    75051887
518051100    75051887
826561967259258880    75051887
1759297910    75051887
930060892670177280    911052888662622210
2198949575    911052888662622210
926021183509708801    911052888662622210
1365436656    911052888662622210
740910195715366912    911052888662622210
23720051    28588271
3019589026    28588271
422694116    28588271
756772156600639488    28588271
16598634    28588271
135745038    4772429664
828615372823728130    4772429664
932711975351734273    4772429664
908532449457577985    4772429664
940941605229522952    4772429664
176835393    856320752316014593
342918891    856320752316014593
178125646    856320752316014593
3725886856    856320752316014593
516387779    856320752316014593
890111294694621184    807001503835811842
934222636804136960    807001503835811842
866788013011021824    807001503835811842
127278520    807001503835811842
1645731476    807001503835811842
826466559258480640    784450709362249729
940247036946915328    784450709362249729
69395651    784450709362249729
911887008032788481    784450709362249729
700855423231008769    784450709362249729
941313677818580993    364956685
940921949219418112    364956685
940558062993190912    364956685
343228492    364956685
882945200137678849    364956685
356062705    884622493373353985
922292882270294016    884622493373353985
919684933605642240    884622493373353985
819004156686073857    884622493373353985
909163299417284612    884622493373353985
121298616    1427299556
3033234172    1427299556
940279468282777600    1427299556
938530201528565760    1427299556
1932238147    1427299556
899898749215834112    52399432
917743357266296832    52399432
909837182248112128    52399432
938978213593624576    52399432
2191317690    52399432
761805362110529536    817867906969112578
522618655    817867906969112578
155184468    817867906969112578
21165566    817867906969112578
1073980772    817867906969112578
2342672990    431983412
941336395997528064    431983412
2764348035    431983412
187226554    431983412
867325013359243265    431983412
553097791    857718153392013312
695747756040830976    857718153392013312
340740936    857718153392013312
858505023277420544    857718153392013312
3371535299    857718153392013312
917859294862827520    270508945
904878960504221696    270508945
3806654292    270508945
910534232988102656    270508945
888502494183145473    270508945
17935487    511263256
57852539    511263256
94379874    511263256
37908474    511263256
343578447    511263256
857718153392013312    3017638669
140877167    3017638669
749826218782892033    3017638669
757876688    3017638669
531465230    3017638669
881879394519666688    2491715414
926788634618953728    2491715414
832113468236980224    2491715414
941165637165973504    2491715414
1263455569    2491715414
806444492    14107837
939250900253671424    14107837
81947660    14107837
18149467    14107837
15167351    14107837
16228200    891573541639946240
93742447    891573541639946240
895861361934090240    891573541639946240
839727802920267776    891573541639946240
351002641    891573541639946240
56050543    754920505048571904
63383628    754920505048571904
431961763    754920505048571904
829274062211993602    754920505048571904
451037978    754920505048571904
852945233767682048    4226557876
854428338491977730    4226557876
890914245759651840    4226557876
941272394559303681    4226557876
232108392    4226557876
941336085761744896    2286189025
889450475757592576    2286189025
1431064016    2286189025
940743021406179328    2286189025
2887779436    2286189025
1679100264    15140295
90914490    15140295
627828687    15140295
918844418022453248    15140295
923663781166661632    15140295
935689105056391170    1858041589
222958676    1858041589
929593182396080128    1858041589
923490791007416321    1858041589
2264537360    1858041589
941011767563620352    57805365
467058571    57805365
4687747646    57805365
3369921717    57805365
155849376    57805365
720073056958472192    941095220644601857
154370249    941095220644601857
917250528781799424    941095220644601857
2961791921    941095220644601857
904963608630616065    941095220644601857
2388010122    635558966
3371542594    635558966
873159284661551104    635558966
856708319632920580    635558966
2660065196    635558966
899898749215834112    4126643241
938978213593624576    4126643241
746661537453121536    4126643241
911664401916284928    4126643241
709992361930178560    4126643241
761508271152893952    116811358
869098696708947968    116811358
743210464029581312    116811358
941332625536487424    116811358
1675480188    116811358
940941487675621376    722295522
911664401916284928    722295522
940562908118892544    722295522
939504306155282432    722295522
939129898794328065    722295522
760723688199229440    570315266
2603400475    570315266
805916042551705600    570315266
818420447217741825    570315266
902345964396179456    570315266
2508971195    355185888
907876180950360064    355185888
919222876053663752    355185888
3108276179    355185888
3911548834    355185888
826271398100402176    886469557417803776
842476765784113152    886469557417803776
896380386049015809    886469557417803776
2920252569    886469557417803776
848305520465391622    886469557417803776
888737159733157893    484536958
45068640    484536958
909287433153372160    484536958
889016236868198400    484536958
941231625563791360    484536958
931432757627985921    348842142
110685096    348842142
921378663614091265    348842142
941323080671965184    348842142
932236778471268352    348842142
899204407757225985    113606794
941302696543510529    113606794
938402132876816384    113606794
941248497235345413    113606794
941242300243382272    113606794
812602200056852480    904980870762598400
890111294694621184    904980870762598400
931573172591255552    904980870762598400
855291933307977729    904980870762598400
441361149    904980870762598400
941330228982571008    701108018079883264
443506110    701108018079883264
1935266496    701108018079883264
2174751127    701108018079883264
138170385    701108018079883264
939973590400806912    3400890028
939904705773256704    3400890028
1453982136    3400890028
889884898110185474    3400890028
907680337161060353    3400890028
3617810232    1510436413
932876463094640640    1510436413
4836863892    1510436413
908515765518606336    1510436413
210009710    1510436413
151053054    4649000061
733661322    4649000061
2329529695    4649000061
863070731235713030    4649000061
933121609    4649000061
1239030818    921202129544421376
1377196874    921202129544421376
882185766910046208    921202129544421376
704956471415418881    921202129544421376
1037458626    921202129544421376
916117791324778496    928240424862433280
849404673295568896    928240424862433280
930377853690036224    928240424862433280
931509081935790080    928240424862433280
571698844    928240424862433280
2550360632    935201574619463680
918733490765443072    935201574619463680
901118258870341634    935201574619463680
839472047671562241    935201574619463680
868464732973318144    935201574619463680
4165953678    2164584800
2919911677    2164584800
916117791324778496    2164584800
3308575280    2164584800
596809297    2164584800
809304006065405952    911002279548928001
915113583641485312    911002279548928001
940155399029735424    911002279548928001
907271114899861504    911002279548928001
938797528232771584    911002279548928001
96576408    916618263089471490
867385736768737281    916618263089471490
385442107    916618263089471490
1126073802    916618263089471490
3408335331    916618263089471490
940832242431152129    4347136524
941346258349903872    4347136524
940979234830475264    4347136524
934090068913991681    4347136524
940815092635066368    4347136524
3153128904    908948225557590016
4800678796    908948225557590016
235426037    908948225557590016
860825905295499264    908948225557590016
2422623394    908948225557590016
404531446    2638587951
3354183813    2638587951
1060984682    2638587951
1499903611    2638587951
380066809    2638587951
934503994629722112    1347447042
927268910486966273    1347447042
792389483018743808    1347447042
935193437602582528    1347447042
580637572    1347447042
2400284964    935150492518293504
3354183813    935150492518293504
730947897420742657    935150492518293504
3981270078    935150492518293504
122047480    935150492518293504
940322216167837697    3254598194
878072646298210304    3254598194
891795222828642304    3254598194
929101785083600896    3254598194
378724489    3254598194
